898630159989365|86|954FDF1B8CDBC0A0E043AC100006C0A0|10|1|0|-1|25|
898630159989337|86|954FDF1B8CB0C0A0E043AC100006C0A0|10|.6|0|-1|99999999|
898630154419004|86|954FDF1B8F8DC0A0E043AC100006C0A0|10|2|0|-1|999999|
898630153119026|86|954FDF1B8D0BC0A0E043AC100006C0A0|10|.6|0|-1|99999999|
898630154119021|86|954FDF1B8CE2C0A0E043AC100006C0A0|10|.6|0|-1|99999999|
898630147229021|86|954FDF1B8FEDC0A0E043AC100006C0A0|10|.6|0|-1|99999999|
898370253991817|40|1dddc328fc31414096e6a7e4fddcf819|10|.6|0|-1|99999999|
898650159980703|86|2c9083863566e42f01357afd05253a18|10|1|0|-1|20|
898370256910652|40|d7d0bed8d2c1425db4b49d82f3e5f50e|10|.6|0|-1|99999999|
898310070110002|18|2c9083a036d34edc0136f30ac8f602df|10|0|0|-1|-1|
898370256910651|68|4baa337e323e442191dcacd7470e7aad|10|.6|0|-1|99999999|
898650159987189|68|3dae519e4e74437b968940fb39b3fb80|10|.6|0|-1|99999999|
898370256910650|86|9fcc26ee5f4f430394bc4990dc633e7a|10|.6|0|-1|99999999|
898610186751314|86|60f3369014a54d77a5413f625ddb9a7b|10|.46|0|-1|99999999|
898000072300001|1|1|10|5|0|-1|999999|
086551581288888|2|2c9083862a787456012ab1f5cbef010d|10|0|0|-1|-1|
898310054117001|18|1|10|.38|0|-1|99999999|
898640159985227|68|ce87a4deef2b4167bd3a8950aa867f3c|10|.6|0|-1|99999999|
898640159985228|40|47e0ec0c21f14e72a871e189ddbf52ab|10|.6|0|-1|99999999|
898370659982958|9|4165EA1D481CFF5BE050007F02006F51|10|.6|0|-1|99999999|
898640159989209|86|CED61BE59E22A03EE043AC100307A03E|10|1|0|-1|25|
898469075310134|9|79d37e57948d446a823aefa46e7b378e|10|.45|0|-1|99999999|
898372950390696|9|4165EA1D0AB7FF5BE050007F02006F51|10|.6|0|-1|99999999|
898420658123134|9|d945613fa52743149ccf91205bb30ca4|10|.6|0|-1|99999999|
898469075310142|9|7174c823ea2d4e77918cf7b745e258ce|10|.45|0|-1|99999999|
898640159986456|68|dde2681fec2b4722b4447e9c20547264|10|.6|0|-1|99999999|
898372950390697|9|4165EA1D2E1CFF5BE050007F02006F51|10|.6|0|-1|99999999|
898640159986463|68|304dc1c9ca8348bf833830e6b3511a8b|10|.6|0|-1|99999999|
898640159989140|86|CED61BE59DEEA03EE043AC100307A03E|10|.78|0|-1|26|
898370275380500|40|bbc560cd8f10404cacad82b31d36dbb0|10|.6|0|-1|99999999|
898370275380498|86|1302c8d73e144fe29cfff099a8332188|10|.6|0|-1|99999999|
898370275380499|68|0c7ade79f3074e688ff45d4c03a87819|10|.6|0|-1|99999999|
898370159982933|68|3B360BD7FDD01430E050007F0200529D|10|.6|0|-1|99999999|
898130650133184|68|8b6cd17077b0448e8e99613645252881|10|.55|0|-1|99999999|
898370159982936|68|3B360BD7AA4D1430E050007F0200529D|10|.6|0|-1|99999999|
898330479110143|86|9d3f617dba25c56e0a7708d297ad80d8|11|0|0|-1|-1|
898370253997088|86|2c9083a03bc1554d013bc5524e48071e|10|.9|0|-1|99999999|
001370258120834|2|2c908386272ca09501272ddf5f4f201e|10|3|0|-1|-1|
898469056911051|86|9781F579F111501EE043AC100006501E|10|1|0|-1|-1|
898469372980001|86|9781F579F470501EE043AC100006501E|10|2|0|-1|-1|
898460259121044|86|9781F579F58A501EE043AC100006501E|10|1|0|-1|99999999|
898460157220002|86|96550B573959C0BCE043AC100006C0BC|10|.5|0|-1|99999999|
898330158122767|86|96680163b3ddcbb8a29f08d1801c6343|10|.78|0|-1|99999999|
898370159982939|68|3B360BD7FDE61430E050007F0200529D|10|.6|0|-1|99999999|
898331075310523|86|3db04246d734ce4b1fc108d44e63e157|10|.55|0|-1|99999999|
898370159982950|68|3B360BD828E71430E050007F0200529D|10|.6|0|-1|99999999|
898330652510399|68|b85f4998f01542d3a25839d21bee331d|10|.6|0|-1|99999999|
898331053991502|68|6cb01349c89a48c6bb5dcee804484443|10|.6|0|-1|99999999|
898445255330008|68|52E725159D307B90E0530C48160FF2AA|10|.38|0|-1|999999999|
898110253992321|68|f3378e15779c44d28ce32ccd13ef1fe9|10|1.25|0|-1|99999999|
898469052711000|86|9781F579F0EF501EE043AC100006501E|10|.78|0|-1|26|
898331057320250|68|cbb884a4c3bf4f709e923e4185bd9e0e|10|.6|0|-1|99999999|
898620153110855|9|c11fdc5ebcea4c74ba178eeea91fa7c9|10|.6|0|-1|99999999|
898620150655050|9|c12000f90d59419aa9526ea715f82820|10|.6|0|-1|99999999|
898451454110126|68|39495f9cc78f4cc482c97b60baa88cac|10|.6|0|-1|99999999|
898620350720357|9|c11f7b26e8d542d39ffb0c978d8cc6e6|10|.6|0|-1|99999999|
898230151374264|68|989a6c6c82e7443fa59cec988ad405fa|10|.6|0|-1|99999999|
898330659600002|86|efbfcc9971b4cb26965508d3cb41eaeb|11|0|0|-1|-1|
898330659710002|9|1|10|.5|0|-1|99999999|
898110072997969|9|1|10|.6|0|-1|99999999|